0  10 0  0  0  10 9  0  0  0  0  0  0  0  0  0 
10 0  9  10 11 5  0  0  0  0  0  0  0  0  0  0
0  9  0  2  0  0  0  0  0  0  0  0  0  0  0  0
0  10 2  0  4  0  0  0  0  13 0  0  0  0  0  0
0  11 0  4  0  8  0  0  4  8  11 0  0  0  0  0
10 5  0  0  8  0  0  8  8  0  0  0  11 0  0  0
9  0  0  0  0  0  0  7  0  0  0  0  0  9  9  0
0  0  0  0  0  8  7  0  0  0  0  0  7  2  0  0
0  0  0  0  4  8  0  0  0  0  8  0  7  0  0  0
0  0  0  13 8  0  0  0  0  0  9  0  0  0  0  0
0  0  0  0  11 0  0  0  8  9  0  6  0  0  0  0
0  0  0  0  0  0  0  0  0  0  6  0  5  0  0  14
0  0  0  0  0  11 0  7  7  0  0  5  0  5  0  0
0  0  0  0  0  0  9  2  0  0  0  0  5  0  5  8
0  0  0  0  0  0  9  0  0  0  0  0  0  5  0  6
0  0  0  0  0  0  0  0  0  0  0  14 0  8  6  0